1481.1163911298245
399.708235127895
1046.3426490023267
445.60573690318415
1048.1750100348545
1432.8267111595196
312.23297128603735
554.4570216961329
667.1705957537888
333.494064950537
684.977568790564
-725.3756148451976
848.1193084841398
899.9541958866503
475.49949755562557
1326.3184197070077
1047.9676357761055
582.7321213918367
711.3731957388918
716.9032724717363
1173.3803651190246
931.6586052074126
1204.0358879989435
-60.06583436525398
-57.40944388778007
150.30578584444447
560.0636625875231
657.8027123862666
572.3676847638526
390.71451170962973
462.83104925716907
1502.4718516573557
755.7588729008094
-444.77947582098204
735.2633681483858
-791.5097273694228
821.1184206230464
473.9837408929743
1189.8117731137645
1555.1302896433808
1120.1002696120668
442.7058967489065
1261.981553879541
121.07813583446841
-936.79144116713
748.2117001951701
-377.0865907369043
-389.8778785436698
1967.586661964313
538.3218037239603
433.42976883326264
1290.4137835727524
804.0536393572584
538.6260409524511
517.6091022559049
536.5479295110017
685.4877669564776
-179.13189608871835
581.9391357693203
1519.6794202696146
1004.6257885699342
1094.313744929288
1073.9942133058503
190.11130047996994
-8.047474786922976
1769.7410288162791
2160.998547391282
1375.1294020526439
-521.5631609060983
642.3644365495275
1688.3692829887332
1469.3705835157416
987.1324549235433
1147.8581612809212
-259.98414373758715
33.39685084449229
218.05832550695777
33.79987653670105
1101.0038854070553
-63.64852223165872
-157.8614455551251
909.6153927454179
928.2087096414325
2067.444646728294
551.5901316956551
1727.2633497796414
871.0253292383677
680.0638238463252
273.3838971608893
149.26893488866335
39.67476200756573
649.3704351703054
-195.42516660588444
333.4529233574285
966.9891941241331
722.2694829616339
-185.3251007970357
545.0632298112614
145.0121599963204
1329.5686126147302
733.0694525877843
405.5275101249208
1256.2246401193952
370.42621239893924
-275.32888651128815
1254.1505435927684
1578.2779513231035
1729.1149613528905
-166.71528733614468
395.92124686411626
-526.5906937502114
125.18251002827674
510.4097268910482
-84.89075788969058
1009.4450044437071
904.1115345068538
1471.16444141178
1230.623807678472
543.9322651105977
-147.90922304288324
1067.9583103657314
342.0609509773494
711.290981863036
1662.5622826427498
1099.7017891635114
-6.664511984636192
583.9214660129473
592.6008617375264
-302.8980407838244
1642.988235785051
1427.8377400101235
949.7404099522319
899.7525269044745
631.6665824819029
496.59419127061483
109.48927794921838
778.8719255792275
671.9856472709835
374.80826849388177
-874.3270917916125
-446.72750608124625
1481.4296199443525
1013.4754688811845
-155.2961671924313
167.84901719045956
911.4299656408002
2117.263226579078
-232.81593465648984
2040.0811352324417
-98.83851402631262
729.4068461948154
-1169.004142949514
307.53430670225134
1275.7261317685807
-175.4074415839641
67.90139431139323
-518.3068760344249
1048.5758472838534
-290.784087038719
-423.3937984287877
554.5869226738469
100.75532761694558
-99.54005373410473
-373.39266412441793
1582.6527242623706
1250.6375529123252
310.297414870005
1082.4466630506213
645.4652769369932
556.6041913708796
437.0553888892864
-24.32035298210758
284.1370871883628
-1694.4076257899687
629.8122817024705
70.43936312583537
1221.4195791176862
-531.1303394613606
1187.9350769528173
-344.97139350906946
1144.3047584680098
-372.53514411657306
205.73288240682086
-725.3253542464627
802.8544465470441
1229.5718040916508
572.524407163688
1004.463080355672
551.373506958018
1325.518914503802
1197.8955235430658
450.44283005333637
686.5245419484891
1322.7367247302427
-272.69787267722495
-229.8687971830368
827.3364547933124
1227.828255933382
607.1931689525409
1047.2061260830487
793.6067505429928
1489.5176528080374
1914.10408778688
344.0592938097143
326.1452591637644
-87.62936321418601
1493.5096169599783
1118.6863553895055
643.7838120818378
225.41451325978778
979.2460511136705
353.42785915132845
858.2073783242813
730.4124898000082
407.3523552138395
1799.1512969356554
1202.4898530596583
1127.4269172054228
-530.4479125847829
10.487089790196478
678.9190192329588
1418.6369564861052
722.0193063355073
-288.6181442352936
-255.8247071627302
1068.8370258599607
-1071.075249894955
693.3017691610876
10.1896305951268
103.60198488059541
-210.42416347440667
2137.1265484840333
238.21637575701607
-109.79699185784557
1245.2870673055331
626.8269853941783
1307.4671337417167
582.5438301811992
119.04773833900254
572.1660689528653
936.8148033339203
-604.5802673250328
832.0607813185634
725.6651966186691
716.9735982106831
344.93639067579716
2349.8780900982274
1199.4414833360788
381.24787287983054
1297.0494638834207
1471.4193840600492
1526.5962481035895
783.8356340926839
328.26682873816753
447.93814002486033
1540.959622224229
624.1407314658827
46.85829316008676
136.77235527937228
-556.469921957465
974.2740592646333
877.8439890060545
-601.5014459390477
1758.4357026899997
1615.6130481775508
512.9514148757844
126.71966027956296
892.6708251012387
-300.9509289655398
1595.3586096656145
730.2156359422006
680.7482745296984
1162.5113019245618
1023.6627595301761
863.3659971949455
2064.7962747854253
236.81609928510807
1785.2179690880948
2542.6264684287125
685.1490712388186
472.862809618342
1356.3370221114092
1616.072916893594
237.0675739116159
-137.21176361238395
759.2356185131903
558.7632783420195
1269.6805222725561
-135.4229236366773
1146.0250985631938
1521.7718145840954
-480.16925773931143
786.1108621447638
585.2312695334404
816.1289859022836
1072.3298814161499
627.1988796539881
-667.2170974312612
-716.1934608768388
767.8440686619615
1140.105007388669
822.839875901318
-96.9050365340081
-231.62337231156562
723.9229861810054
-523.9989794132089
21.66560379445218
572.1807448686486
1466.9538240372895
1419.5830020452559
254.8067579254057
257.73603582879514
798.2898592373494
1686.9667199272735
225.2158919141948
-321.15687799371153
-111.21316349985864
907.7648666704081
1254.754013492391
2151.5473178584652
586.9469226379588
1248.6182053263328
482.09726943888745
-316.01595490168256
259.4648841276976
-127.6181037259521
743.6823546470114
-194.4359736063052
1020.9621620259059
1059.6327736092207
718.5987405594424
868.5588695915612
-426.58255206274043
-125.04829371425512
544.6158395676466
948.8783660624322
374.02326987063134
1153.179573870726
426.2330167553773
1069.5440923177375
1080.4169786036728
-84.37667939513267
-1012.6457925042741
830.8244516573504
1785.396247409837
1449.8183762051885
277.3893005961436
66.29339766752673
354.67145382035596
1343.71332115939
174.152437657267
-378.6691887247507
1515.4982900372743
781.0674803462935
-203.81245294382097
643.934540325703
591.7518592004017
-257.5790866910502
-81.51375384717903
474.09212081872465
880.9811602969166
322.96865772131787
276.30896881302397
914.4281649924487
1209.9557355505458
286.7423081533998
1049.020345497982
145.0371560716958
-259.7058238607169
377.70553702257166
782.6207861306575
925.8985971195943
1313.5610065940455
-1353.8946369564292
1306.0258455965377
1268.6853403062814
294.38207173364935
958.920003882602
752.9734756561702
266.730766290646
92.91800182990119
868.4266362197268
542.5175866786994
1221.4508386467605
866.5872808118656
-77.65259021683596
229.01756787923296
1448.0913392160692
845.5435526631481
446.9442250652173
948.0213402146583
-582.6235738969845
1027.5682430039851
542.9140660828562
1661.6568811372017
1531.6230943617884
1559.3719449927157
1085.3191762073802
1386.2461874740184
-155.6006690997565
752.2876915590023
842.7505085324519
1534.574903698769
1032.4719901755925
685.138975385471
183.29069450162206
167.65724611643964
1038.4566490062934
1077.3082671110642
1489.9341379429716
-1009.2143576722192
-1476.518904397879
2046.349927328487
347.34567281758063
2485.600103405188
913.6854010848365
1569.7746560939704
130.87328118945516
138.64073274444308
344.90703609647244
-80.03616376874925
2111.38256913262
887.8637727617715
-141.86152952069097
1033.1467517267156
165.33210460140617
643.013746371118
11.666618923394708
2257.95296490307
275.4856608366863
1119.7671762675127
770.5325540711128
552.8114937979699
501.70195675194554
1762.7859483230568
1410.804659335212
896.1132078176597
268.0175370660327
594.3886677710361
274.3293819479368
1091.663041911812
179.10875468976883
657.1052501725499
-66.00184319613982
959.9743880492388
794.4865069855769
1443.4343729403627
828.1066535911777
761.1210274781224
617.0652628765456
1044.203841610968
-309.48777809191233
919.2213837769305
-162.77036393010712
1751.061365771733
-162.66891171107272
538.2242319535326
992.6433172724137
288.42087324072054
1991.5797188881588
-358.0627711640227
649.3153552942931
1170.3643415574843
630.8676604553912
-3.4368808952349355
-627.8281561346957
-188.9005958136113
-710.8635499513584
215.07094655039327
112.81063699076549
614.4085937453456
786.4736338674484
477.8424788616976
-87.3597398702841
196.02394799385002
200.76838835662784
-334.9543544445769
1853.6771220259834
341.33762607420795
1389.6931680663365
917.6972077365826
292.2288862640271
-170.8035350778955
1416.6306910569692
1296.1450225590997
1760.4632130165992
727.1738618636482
675.0504701864847
575.0300166073066
986.2613102918513
1251.8631192457724
-353.3154873330823
1168.274781393895
277.2805715630675
898.9586511238122
-389.5242230094009
1618.8100447711477
1160.4479450568142
124.94106684971848
1451.546441514598
1186.790480050604
-125.7590143548041
1589.9247595486086
104.11975237991646
694.450887357154
-786.5785601451571
374.8217388090561
-698.4396547242395
89.77433952989668
1133.8389106473915
-1498.8713228320194
164.3818457943853
-423.3880386405872
-690.3163960596758
217.16881591049605
1088.4679996900304
792.2712498846158
609.9079200401138
1242.4111226031491
-1613.7124236349555
-703.1966891516458
1.1702142424619524
1279.8635070298915
223.53117802515408
710.3105656470325
990.5992797889594
303.1097018900182
749.5513427788974
114.15539875543254
625.6447323556749
73.38829325983897
-144.23968372754462
962.5101480328922
639.9245462889958
1006.2245284219498
907.8259932433866
1356.9666146706732
2148.9823549593493
-153.66986378240472
-644.5706568474488
-192.70917706611363
365.8451182658173
374.2191964050144
628.2932726935614
805.7218755409049
410.90768483368083
-144.11598858274374
678.2411857207298
-215.61464237591645
-719.7289621311756
1462.8162335344496
809.2734024252532
682.1015242861431
213.8735800567083
1640.2946016331625
347.08948189048897
51.41866888629738
1009.8523531230421
1176.375004245525
-633.061337460018
-241.7786413091453
1264.3797044209496
-209.60762935284583
460.78366165519765
638.7818478697336
1323.9431470645359
1353.1568674436894
-618.8571217426543
356.98173448764646
314.78904388876254
1603.8475640227734
979.1983955666874
-150.14648840138761
-1038.0703575136286
1214.0462101826233
944.001342106767
1327.1297658570984
1440.5436680915009
323.89443620540624
884.2248604422093
978.0756478549993
289.1443603517073
399.7637867812482
568.6068218662149
670.6628754480043
1105.3581060056567
1638.5635238780742
-8.49940744853302
679.584686691247
816.0286758285183
-20.573085129948595
984.4333013144642
444.47798365560084
-2.806188390684838
946.8787669862941
305.4366135526798
894.1712569686133
-120.10695908089838
763.643691871348
1253.053260463581
822.6428863608962
1193.4433114093954
1236.7887958895808
1879.5910080616777
1944.90166621573
642.8287293007961
631.5978994262914
104.78184792433603
494.24057998172793
366.1189582145271
1178.691106890903
872.6057234887121
61.32645475438767
330.7956523762841
-153.96447599121893
1422.753269017925
994.492851749008
1188.0987578929999
202.66180901983535
-164.42917737327662
1037.25515596701
951.859779204955
1806.0957092960089
199.23909908644418
1003.5901565913227
646.686505865302
869.3866689961687
1016.0253679978377
642.298628998109
-568.9998895885801
-71.08768908165803
611.8206007875488
933.6458631338755
264.9152060389679
998.2916150811798
-470.14349380186104
-158.15115228299328
-279.7325888643427
841.5640782214941
1310.1067487509245
127.04670395321591
103.48054780060193
1098.7492296537202
-493.4041154656006
476.0212005635003
-65.46339555094528
1595.2735181503813
-49.18110357979458
421.2165745509519
785.2644727013358
723.7505881046745
456.4856170659259
176.60029883943207
1033.7308585465726
1274.3787707807242
1012.7591382853097
377.1948544449151
92.14696607895166
776.2490200144057
-83.54616637717118
-585.2141739095823
-325.1879690587666
238.1533312290194
850.9960400123127
201.5657025250075
789.8036814561456
873.6745492100854
-561.5914174411882
2392.4384418943555
402.59644569255033
808.5625877558814
752.1810356450551
1198.75470343493
-642.6265456709916
748.0103189004694
1917.1413761159092
989.5815254168483
305.76306843075145
559.397909519048
2252.9975830964504
589.1559703164166
258.192711075204
408.7354165128236
-8.019369986490346
407.4560752752477
941.3629603746558
318.2720890112723
1098.164609163021
715.1487667779256
2360.2317340421178
100.47590754021803
230.6024379987175
64.26556140692264
-247.0478937478365
1917.8367963592063
1621.0914501066072
-496.0824306096074
1127.8746707468854
1563.397627807477
-409.905992277083
1778.2633405928427
1068.7704942064593
1278.1007389419356
1272.1978449517046
-367.8376914225046
1010.72101679353
453.45530475419946
-158.08617156265973
-641.6477242080218
598.7991784541118
-73.20079647744569
1832.3802804592415
488.5016817881151
841.3285254064576
550.5575408932236
336.1587228095632
368.5050852469285
229.84064129722174
-12.511848777558043
1347.7927003273471
50.17582760000005
100.14672529406744
971.7120440249128
-230.6350710259976
245.12741117795667
357.7202160357592
1428.816163264033
1324.8927381428148
394.60950415328625
1862.8811221573815
390.498886907164
1181.5041233646261
1556.9389895937638
1075.8588747444082
170.62345510332307
1374.987818086578
-654.6096224474022
565.4588979551227
1565.848551597399
1287.2861245738422
1072.8690999160717
663.9903769879893
447.0888134527668
1501.080719171532
-197.63521705017774
1807.4400190948982
1325.902963344237
365.159263343161
-16.733088296499773
1012.7376549658948
669.704524601435
326.7889826528226
-754.6381386258872
1065.7266414459082
-390.9646724787599
1389.26535231261
780.5136354100177
-56.17441664020953
-572.8423767212589
-328.7206105542464
1440.003716254676
624.7650256514135
616.9502176883943
1094.947053375312
1723.3047699383678
414.65233994355003
921.8253585824204
559.648058304756
1130.7366656553277
1623.3984040977557
720.8900327574229
948.5534661890124
1086.8784062874365
814.0077056058944
476.33820544986884
313.28098894787036
354.8537401876856
1398.4948205308756
-1011.6685338632269
1154.9294424586697
1387.743818894207
408.98267445098463
1324.0676179122638
545.8909488936806
422.5461689476615
-480.2659835176528
1351.5803814204992
123.6250533730672
-501.79781206628104
-68.69936407032583
1104.2835807955416
-101.19274994175066
839.6304559067175
842.0117825750895
-436.4871038508136
907.3307299343796
-260.1257866273809
154.62495303559626
293.91255915678994
1246.710791087411
-20.34708349916764
382.9348173850303
-756.3176674194146
195.76688351499251
2.3370661383669358
695.4098536653182
50.14414313903035
213.73525989296104
240.4964522821465
-122.70547112127679
1208.8858170356834
871.5544690951792
505.1453922705332
1387.3419952369695
1037.8326403976534
1820.5115294010866
95.82790110058704
1772.0441541862929
1740.5506748175612
-497.87566624831743
187.64524001284008
-210.60710361546444
678.6985490069783
-19.17643357603447
92.55423990613053
1084.6506009054974
853.7404415062083
-163.77606051602925
-464.38701512286207
797.6006065047441
1277.6428488922502
-594.5905670315587
190.6772109708254
160.53821672657796
-277.5094366220619
1196.4622792839873
1452.855744863995
95.32599506833867
1893.282228229953
-55.46433722673828
630.9218218847018
403.68955798601746
-14.999431572068715
369.1016916597764
1005.7821077888293
172.4387288861435
-432.54376857426905
565.2341309746953
1128.397782617987
729.88074664335
-164.75692891615472
1948.5953180485885
260.2967888446474
753.632756898267
3.3414502596860984
-355.7373422214441
535.2578534141903
1392.396393696239
-29.13739256359986
1417.0975515009632
300.1279923447546
915.6211148882139
787.8925227135405
496.0614139896643
-351.4682190696003
1246.2668386756231
458.50374072177874
52.62714904502718
771.7054112816841
1173.9404084779308
867.3774381874355
318.1533702098495
743.006813775788
325.7019872105884
940.7480208542511
737.2453063557841
84.88773762946221
210.53014586351856
1145.2500061088176
850.7660669498691
477.5293762160836
453.9427528221968
527.0248639438942
-680.3050666768613
-137.85156307161742
565.4561845306562
432.2681724195172
143.20787867350373
646.2973351277251
340.03086281505966
135.3440865169032
415.18867739588677
496.03153214183476
1324.3469198546918
-99.95871361175523
1999.9164949855876
-146.7427204842279
850.135112145399
1886.109985986266
506.7232554949187
533.8137691231059
825.7023546919918
11.22521923246677
951.7495811454828
958.8217939137976
116.95680170998094
424.3572047125199
1778.3387851065672
661.0119265350477
227.55564402539312
106.61351357870808
953.0425616837347
711.6496049633242
947.8603374638624
1280.5324894582955
604.6628497964521
1042.6619637824988
44.02597978669655
-217.7111710359568
-239.84428247499818
1250.0538915154684
482.3916210521238
1694.9618397925478
-100.57281755492659
203.12186238283175
1998.0567657640931
205.61729410738917
927.1556105646996
733.9621665301529
1562.149449071956
1442.7766181886327
-610.1515938841694
926.5312977501599
2229.3586858333656
-268.73498566705894
963.9405263415392
434.6115337913179
773.7402047227079
-77.29816391730128
303.6420979801878
1292.066244377118
852.7996598629506
699.4556320903284
-502.4473192276637
-635.9117051399371
1658.061014191011
2312.059798199407
161.4629445627761
1617.6466913245931
151.12494381438228
-202.83322174043496
1907.0547514413556
1557.243573861626
212.23020284147424
1693.0285765253939
199.2610570908073
218.03228275431684
325.40836047841003
-162.2483517915316
165.79033050789803
1163.7380389406499
84.94651063460697
-1153.774582382146
-56.27851275882858
350.56887697063576
695.8947829840145
115.35459832369088
-177.74473201540968
809.7881677495316
438.9823374990483
256.23407477714863
895.7976912975791
741.5903651274457
1661.6092585540064
98.00261497701649
793.9855095059684
1799.6619931047571
737.8912486278132
981.7458516071129
678.210344531537
-582.2985091265655
795.2171682380758
-103.87284104728678
540.683154100072
1107.7675993359626
-69.2150129715119
1737.2175516870411
1180.7721788789495
577.6003582093763
-384.7360999331031
-288.51969117215776
-1174.3808944122502
-291.5289413865976
-205.00842868159816
-410.5094395746746
142.08103921633665
1392.6414228158174
2189.369711622916
1051.460393845642
682.7540859877263
