1481.1163911298463
399.7082351278914
1046.3426490022357
445.60573690318415
1048.1750100348909
1432.8267111595414
312.23297128608465
554.4570216961292
667.1705957538215
333.49406495056246
684.9775687905349
-725.3756148451612
848.1193084840925
899.9541958866539
475.4994975556656
1326.3184197069822
1047.9676357761018
582.7321213918221
711.3731957388518
716.9032724717799
1173.3803651190428
931.6586052073981
1204.03588799898
-60.06583436526489
-57.40944388774733
150.30578584441173
560.0636625875122
657.802712386223
572.3676847638999
390.7145117096188
462.8310492571072
1502.4718516573485
755.7588729007985
-444.779475820942
735.2633681484294
-791.5097273694046
821.1184206230864
473.9837408929088
1189.8117731137827
1555.130289643359
1120.100269612034
442.70589674888834
1261.9815538795556
121.07813583449752
-936.7914411671263
748.2117001951665
-377.0865907369298
-389.87787854367343
1967.5866619643093
538.3218037239421
433.42976883327356
1290.4137835727815
804.053639357222
538.6260409524402
517.6091022558758
536.5479295109908
685.4877669564412
-179.13189608873654
581.9391357693094
1519.679420269622
1004.6257885699051
1094.3137449293245
1073.9942133058648
190.11130048000632
-8.047474786926614
1769.7410288162573
2160.998547391271
1375.1294020526257
-521.5631609060365
642.3644365495602
1688.3692829887405
1469.370583515727
987.1324549235833
1147.8581612809649
-259.9841437376235
33.39685084451776
218.05832550697232
33.79987653660646
1101.0038854070372
-63.64852223167691
-157.86144555514693
909.6153927453852
928.2087096414616
2067.444646728334
551.5901316956115
1727.2633497796196
871.0253292383532
680.0638238461943
273.3838971608093
149.26893488870337
39.67476200755482
649.3704351703091
-195.4251666058808
333.4529233573776
966.9891941241476
722.269482961714
-185.32510079702115
545.0632298112723
145.01215999625492
1329.5686126147557
733.069452587788
405.527510124899
1256.224640119366
370.4262123989538
-275.32888651128087
1254.150543592703
1578.277951323089
1729.1149613529415
-166.71528733609375
395.9212468641381
-526.5906937502223
125.18251002831676
510.40972689105547
-84.89075788971968
1009.4450044437763
904.111534506832
1471.1644414116818
1230.6238076784794
543.932265110594
-147.90922304289052
1067.9583103657787
342.0609509773385
711.290981863036
1662.5622826428007
1099.7017891635041
-6.664511984668934
583.9214660129328
592.6008617375737
-302.8980407837662
1642.988235785051
1427.8377400100799
949.7404099522428
899.7525269044418
631.6665824819102
496.59419127064393
109.48927794922201
778.8719255792348
671.9856472709725
374.80826849389996
-874.3270917916088
-446.7275060812317
1481.4296199442979
1013.4754688811809
-155.29616719247133
167.8490171904159
911.4299656407638
2117.263226579056
-232.81593465652986
2040.0811352324745
-98.83851402628716
729.4068461947645
-1169.0041429495323
307.534306702255
1275.7261317685952
-175.40744158388043
67.90139431140415
-518.3068760343813
1048.5758472838752
-290.784087038719
-423.39379842883136
554.5869226738869
100.75532761698923
-99.54005373405744
-373.3926641243852
1582.6527242623888
1250.6375529123288
310.2974148700305
1082.4466630506467
645.4652769369859
556.6041913708759
437.0553888893228
-24.32035298208939
284.13708718837734
-1694.4076257899942
629.8122817025105
70.43936312586084
1221.4195791176862
-531.1303394614042
1187.935076952781
-344.97139350900034
1144.304758468017
-372.53514411657306
205.7328824068245
-725.3253542464736
802.8544465470368
1229.5718040916981
572.5244071636225
1004.4630803556865
551.3735069580252
1325.518914503813
1197.8955235430803
450.44283005334364
686.5245419485364
1322.7367247302318
-272.6978726772322
-229.86879718305136
827.3364547933343
1227.8282559333566
607.19316895253
1047.2061260829541
793.6067505430183
1489.5176528080738
1914.1040877869273
344.0592938097252
326.1452591638008
-87.62936321418238
1493.5096169599456
1118.6863553895419
643.7838120818524
225.41451325979142
979.2460511136778
353.4278591513612
858.2073783242449
730.4124897999609
407.352355213854
1799.1512969356809
1202.4898530596656
1127.4269172054046
-530.4479125847683
10.487089790203754
678.9190192330025
1418.636956486098
722.0193063354927
-288.6181442353118
-255.8247071627593
1068.8370258599607
-1071.075249894915
693.3017691610221
10.189630595094059
103.60198488062815
-210.42416347440303
2137.1265484840005
238.2163757569797
-109.7969918577437
1245.2870673055295
626.8269853941893
1307.467133741662
582.5438301812319
119.04773833900617
572.1660689528944
936.8148033338948
-604.5802673250582
832.0607813185889
725.6651966186728
716.9735982106977
344.9363906758008
2349.8780900981837
1199.4414833361297
381.2478728798378
1297.049463883417
1471.4193840600674
1526.596248103604
783.8356340926875
328.26682873810205
447.9381400248494
1540.9596222242362
624.1407314658463
46.858293160075846
136.77235527937228
-556.4699219574395
974.2740592646587
877.8439890060654
-601.5014459390513
1758.4357026899997
1615.6130481775108
512.9514148757735
126.71966027952294
892.6708251012533
-300.9509289655289
1595.3586096655745
730.215635942146
680.7482745297348
1162.511301924591
1023.6627595301543
863.3659971949783
2064.7962747854763
236.81609928505713
1785.2179690880657
2542.6264684286325
685.1490712388368
472.86280961829834
1356.337022111391
1616.072916893554
237.06757391167775
-137.21176361240214
759.235618513183
558.7632783419831
1269.6805222725488
-135.42292363663364
1146.02509856319
1521.7718145841027
-480.1692577392714
786.1108621447274
585.2312695334076
816.1289859022654
1072.329881416099
627.1988796539554
-667.2170974312285
-716.1934608768315
767.8440686619215
1140.1050073887563
822.8398759013216
-96.90503653405176
-231.62337231160927
723.9229861809763
-523.9989794132089
21.66560379445218
572.1807448686559
1466.9538240372567
1419.5830020452522
254.80675792542388
257.73603582879514
798.2898592372694
1686.9667199272662
225.21589191420207
-321.15687799373336
-111.21316349989502
907.764866670419
1254.7540134923292
2151.5473178584652
586.9469226379151
1248.6182053262928
482.0972694388947
-316.0159549017262
259.46488412765393
-127.61810372596301
743.6823546470514
-194.4359736063525
1020.9621620258804
1059.6327736091807
718.5987405594533
868.5588695915867
-426.58255206275135
-125.04829371426604
544.6158395676757
948.8783660624504
374.023269870635
1153.179573870675
426.23301675536277
1069.5440923177557
1080.4169786036327
-84.37667939508174
-1012.6457925043287
830.8244516574123
1785.3962474098516
1449.8183762052213
277.3893005961763
66.29339766749035
354.67145382038143
1343.7133211593864
174.152437657267
-378.6691887247689
1515.498290037278
781.0674803462935
-203.81245294387918
643.9345403257284
591.7518592004562
-257.5790866910429
-81.51375384719358
474.0921208187283
880.9811602969057
322.96865772141246
276.30896881307126
914.4281649924378
1209.9557355505094
286.74230815346164
1049.0203454980037
145.03715607170307
-259.7058238607933
377.7055370225098
782.620786130632
925.898597119558
1313.5610065940527
-1353.8946369564474
1306.025845596596
1268.6853403063287
294.38207173358387
958.9200038826275
752.9734756561811
266.73076629062416
92.9180018298648
868.4266362197341
542.5175866786594
1221.4508386468078
866.5872808119675
-77.65259021681413
229.0175678792475
1448.0913392160655
845.5435526632245
446.94422506519186
948.0213402146364
-582.6235738969772
1027.5682430039305
542.9140660828489
1661.6568811372053
1531.6230943617193
1559.371944992643
1085.319176207413
1386.2461874740438
-155.6006690997856
752.2876915589404
842.7505085324592
1534.5749036987545
1032.4719901755961
685.1389753854892
183.29069450165116
167.6572461164651
1038.4566490062607
1077.308267111086
1489.934137942997
-1009.2143576722156
-1476.518904397948
2046.3499273284651
347.3456728175406
2485.6001034052024
913.6854010848037
1569.7746560939886
130.87328118944788
138.64073274445036
344.9070360964761
-80.03616376872378
2111.3825691325983
887.8637727617752
-141.86152952065459
1033.1467517266465
165.3321046014171
643.0137463710926
11.666618923394708
2257.9529649030555
275.4856608366863
1119.7671762675127
770.5325540711674
552.8114937980099
501.701956751891
1762.7859483230204
1410.804659335161
896.1132078176597
268.01753706605086
594.388667771047
274.3293819479295
1091.6630419118446
179.10875468975792
657.1052501725571
-66.0018431961762
959.974388049257
794.4865069855987
1443.4343729403554
828.1066535911377
761.1210274781588
617.0652628764838
1044.2038416109572
-309.4877780919378
919.2213837769232
-162.77036393008893
1751.0613657717877
-162.66891171107636
538.2242319534889
992.6433172724501
288.4208732407278
1991.5797188881843
-358.06277116403
649.3153552942313
1170.3643415574807
630.867660455373
-3.436880895151262
-627.8281561346594
-188.90059581361857
-710.8635499513402
215.07094655037872
112.81063699076185
614.4085937453747
786.4736338674848
477.8424788616903
-87.35973987026591
196.02394799388276
200.76838835664967
-334.95435444452596
1853.6771220259616
341.33762607420067
1389.6931680663838
917.6972077366045
292.2288862640489
-170.80353507791733
1416.6306910569874
1296.1450225590597
1760.463213016541
727.1738618636227
675.0504701864556
575.0300166073102
986.2613102918331
1251.863119245736
-353.315487333115
1168.274781393833
277.28057156305294
898.958651123834
-389.5242230093354
1618.810044771184
1160.4479450567596
124.94106684971484
1451.546441514547
1186.7904800506003
-125.75901435479682
1589.9247595486595
104.11975237988008
694.4508873571722
-786.5785601451935
374.82173880904884
-698.4396547243341
89.77433952990032
1133.8389106473587
-1498.8713228320703
164.38184579434164
-423.3880386406381
-690.3163960597012
217.16881591051424
1088.4679996900195
792.2712498846049
609.9079200401175
1242.41112260316
-1613.7124236348754
-703.1966891517113
1.1702142424655904
1279.8635070298442
223.531178025205
710.3105656469925
990.599279788963
303.10970189004365
749.551342778901
114.15539875533796
625.6447323556858
73.38829325988263
-144.2396837274755
962.5101480328849
639.9245462889994
1006.2245284219243
907.825993243343
1356.9666146706586
2148.982354959411
-153.66986378239017
-644.5706568474379
-192.70917706616456
365.84511826581365
374.21919640501073
628.2932726935542
805.7218755408794
410.9076848336699
-144.11598858278012
678.2411857207226
-215.6146423759019
-719.7289621311756
1462.8162335344823
809.2734024252568
682.1015242861722
213.87358005673377
1640.294601633148
347.0894818904999
51.41866888629011
1009.8523531230094
1176.3750042455358
-633.061337459978
-241.7786413091453
1264.3797044209023
-209.6076293528895
460.78366165524494
638.7818478696863
1323.9431470645723
1353.1568674437112
-618.8571217426288
356.98173448767557
314.78904388878436
1603.8475640228062
979.1983955666328
-150.1464884014058
-1038.0703575136504
1214.0462101826524
944.0013421067633
1327.1297658570074
1440.5436680914754
323.89443620545353
884.224860442213
978.0756478550538
289.14436035164545
399.76378678128094
568.6068218661967
670.6628754479971
1105.3581060056895
1638.5635238780342
-8.499407448558486
679.5846866912507
816.0286758285074
-20.573085129948595
984.4333013144787
444.4779836555863
-2.806188390703028
946.8787669863304
305.43661355267614
894.1712569686497
-120.10695908089838
763.6436918713371
1253.0532604635591
822.6428863609399
1193.443311409399
1236.7887958894971
1879.591008061696
1944.9016662157774
642.8287293007197
631.5978994263387
104.78184792435786
494.2405799817716
366.11895821448707
1178.6911068909794
872.605723488763
61.32645475438403
330.7956523763023
-153.96447599123712
1422.7532690180014
994.4928517489534
1188.0987578930544
202.66180901984626
-164.42917737333119
1037.255155967072
951.8597792049295
1806.0957092959798
199.23909908644055
1003.5901565913373
646.6865058653457
869.386668996176
1016.0253679977832
642.2986289981163
-568.9998895885801
-71.08768908167986
611.820600787567
933.6458631338755
264.91520603897516
998.2916150811325
-470.1434938018683
-158.1511522830042
-279.7325888643427
841.5640782215196
1310.1067487509026
127.04670395324501
103.48054780060193
1098.7492296537494
-493.4041154656479
476.02120056347485
-65.46339555095255
1595.2735181504067
-49.18110357980913
421.216574550941
785.2644727013067
723.7505881046673
456.4856170658968
176.60029883938478
1033.7308585466271
1274.3787707807496
1012.7591382853243
377.19485444495876
92.14696607903534
776.2490200144239
-83.5461663772112
-585.2141739095932
-325.1879690587666
238.15333122905577
850.9960400123055
201.5657025250439
789.8036814561128
873.6745492100381
-561.5914174411955
2392.438441894381
402.59644569250304
808.5625877558741
752.1810356450369
1198.7547034348609
-642.6265456709552
748.0103189003967
1917.1413761158983
989.581525416841
305.7630684307078
559.3979095190771
2252.9975830964686
589.1559703164021
258.19271107522945
408.7354165128272
-8.019369986563106
407.45607527528045
941.3629603746595
318.27208901132326
1098.1646091630391
715.1487667779911
2360.2317340421396
100.47590754018893
230.60243799871387
64.26556140694083
-247.04789374782558
1917.8367963591882
1621.0914501065818
-496.08243060959285
1127.8746707469036
1563.3976278074806
-409.90599227702114
1778.2633405928827
1068.7704942064847
1278.1007389419065
1272.1978449517082
-367.8376914224864
1010.7210167935555
453.45530475417763
-158.08617156265973
-641.6477242079673
598.7991784540645
-73.20079647744569
1832.3802804592342
488.5016817880969
841.3285254064867
550.5575408931982
336.15872280957046
368.50508524691395
229.8406412972654
-12.511848777543491
1347.7927003273107
50.175827599934564
100.14672529408926
971.7120440248545
-230.6350710260158
245.1274111780258
357.72021603581743
1428.8161632640658
1324.8927381428111
394.609504153279
1862.8811221573633
390.498886907164
1181.5041233645861
1556.9389895936692
1075.8588747444192
170.62345510338127
1374.9878180866217
-654.6096224473949
565.4588979551118
1565.8485515973662
1287.2861245737986
1072.869099916079
663.9903769880548
447.0888134527595
1501.0807191715467
-197.63521705013045
1807.440019094909
1325.902963344226
365.1592633431974
-16.73308829652524
1012.7376549658729
669.7045246014459
326.7889826528408
-754.6381386259018
1065.7266414459227
-390.96467247875626
1389.2653523125919
780.5136354099923
-56.17441664020225
-572.8423767212589
-328.72061055425365
1440.003716254636
624.7650256514135
616.9502176884234
1094.9470533753629
1723.3047699383642
414.65233994357186
921.8253585823841
559.6480583046941
1130.7366656553277
1623.3984040977157
720.8900327573792
948.5534661890197
1086.8784062874183
814.0077056059163
476.33820544989794
313.28098894788127
354.85374018769653
1398.4948205308901
-1011.6685338632087
1154.9294424586842
1387.7438188942142
408.9826744510028
1324.067617912282
545.890948893677
422.5461689476724
-480.26598351771827
1351.5803814204774
123.62505337303082
-501.79781206625194
-68.69936407032583
1104.283580795538
-101.19274994176158
839.6304559067248
842.0117825751113
-436.4871038508609
907.3307299343869
-260.12578662742453
154.6249530355417
293.9125591568227
1246.7107910874365
-20.347083499204018
382.93481738502305
-756.3176674194438
195.76688351498888
2.3370661384360574
695.4098536653437
50.14414313904854
213.73525989296104
240.4964522821574
-122.70547112128042
1208.8858170357416
871.5544690951792
505.1453922705223
1387.3419952369295
1037.8326403976316
1820.5115294010648
95.82790110055794
1772.0441541862965
1740.5506748175394
-497.87566624832834
187.64524001280734
-210.60710361548627
678.6985490069528
-19.17643357607085
92.55423990619965
1084.6506009054538
853.7404415062083
-163.77606051601833
-464.3870151228257
797.6006065047368
1277.6428488922065
-594.590567031526
190.6772109707781
160.53821672662525
-277.5094366220728
1196.4622792840164
1452.8557448640531
95.32599506829865
1893.2822282299894
-55.46433722679285
630.9218218847018
403.6895579859847
-14.999431572108733
369.10169165978004
1005.7821077888184
172.4387288861435
-432.5437685742654
565.2341309747062
1128.397782618009
729.8807466433536
-164.75692891622384
1948.5953180485812
260.2967888446947
753.6327568982779
3.3414502596278908
-355.73734222150233
535.2578534142049
1392.3963936961845
-29.13739256358167
1417.0975515009195
300.12799234471095
915.6211148882066
787.8925227136024
496.06141398971886
-351.46821906961486
1246.266838675645
458.50374072178965
52.627149045019905
771.7054112816149
1173.9404084779526
867.3774381874173
318.153370209915
743.0068137758026
325.7019872105702
940.7480208542693
737.2453063558278
84.8877376294804
210.5301458635222
1145.2500061087667
850.7660669498146
477.52937621612
453.9427528221968
527.0248639438905
-680.3050666768722
-137.8515630716356
565.4561845306525
432.268172419499
143.20787867349281
646.2973351277433
340.0308628150815
135.34408651687409
415.1886773958795
496.0315321417911
1324.3469198547064
-99.95871361169702
1999.9164949856095
-146.74272048424245
850.1351121453226
1886.1099859862734
506.72325549491507
533.813769123095
825.7023546919299
11.225219232437667
951.7495811454974
958.8217939138012
116.95680170999185
424.3572047125308
1778.3387851066254
661.0119265350586
227.55564402537857
106.61351357873718
953.0425616837201
711.6496049632806
947.8603374638951
1280.5324894583027
604.6628497964557
1042.661963782517
44.02597978670383
-217.71117103593133
-239.8442824749618
1250.0538915154284
482.39162105219657
1694.961839792577
-100.57281755495933
203.12186238284266
1998.0567657640931
205.61729410738917
927.1556105647105
733.9621665302293
1562.1494490719306
1442.7766181886254
-610.1515938841658
926.5312977501089
2229.358685833373
-268.73498566710987
963.9405263415829
434.6115337913725
773.740204722737
-77.29816391729037
303.64209798022057
1292.0662443771143
852.799659862947
699.4556320903175
-502.44731922767096
-635.9117051399044
1658.0610141910001
2312.0597981993924
161.46294456281612
1617.6466913246259
151.1249438143932
-202.8332217403804
1907.054751441352
1557.2435738615713
212.23020284149243
1693.0285765254048
199.2610570908364
218.03228275432411
325.40836047841367
-162.24835179157526
165.79033050791986
1163.7380389406499
84.94651063457422
-1153.7745823821751
-56.27851275884677
350.5688769706612
695.8947829840072
115.3545983237309
-177.74473201547517
809.788167749517
438.9823374990556
256.234074777145
895.7976912975573
741.5903651274566
1661.6092585539955
98.00261497694373
793.9855095059829
1799.661993104768
737.8912486278314
981.7458516071165
678.2103445315151
-582.2985091265837
795.2171682380722
-103.87284104727223
540.6831541001084
1107.7675993359808
-69.21501297146824
1737.2175516870739
1180.7721788788876
577.6003582094054
-384.73609993309947
-288.51969117211775
-1174.380894412232
-291.5289413865539
-205.00842868157633
-410.5094395747037
142.08103921630754
1392.6414228157846
2189.3697116229414
1051.4603938456094
682.7540859878209
