9.11552241847008E-150
4.5568279136584844E-150
2.609277888392947E-150
4.3294636867213774E-150
6.644643273528716E-150
6.858869795148133E-150
6.967815242559366E-150
4.949101209870152E-150
5.176241244069747E-150
8.589072651543402E-150
5.261455808806934E-150
3.9166990890257424E-150
1.828691911794495E-150
3.1280117447329173E-150
5.776012452841165E-150
6.853361324074456E-150
1.3465436345765248E-150
6.191880920694089E-150
7.542129207129129E-150
8.781122715956328E-150
3.8672959004590026E-150
4.4821524584346014E-150
7.361335447452207E-150
4.7479989377643294E-150
8.366773590159649E-150
8.797438883145427E-150
1.6082489531416221E-150
1.8844944092996976E-150
5.94133380135673E-150
4.3002187169752615E-150
9.741083432594021E-150
5.096434544604012E-150
3.8907999947944153E-150
3.7258083379357274E-150
1.8989138477095976E-150
2.9593345854243555E-150
1.902938352850823E-150
8.196940616821129E-150
6.441679856775329E-150
8.021128622408729E-150
3.5084484511133363E-150
3.964537745392285E-150
2.797711792461831E-150
8.642920648044102E-150
4.3748625276770386E-150
1.8337423998668998E-150
8.523590082950157E-150
5.711534738247694E-150
2.938403009146579E-150
9.253996760874434E-150
5.052442970866012E-150
3.0429839681259927E-150
5.334769776071211E-150
1.0529368236747053E-150
2.2093292065475932E-150
2.062580825227933E-150
6.582986883036203E-150
9.576094784409291E-150
7.206135920128805E-150
8.395266571127927E-150
5.500855888647875E-150
1.557879639208463E-150
9.493463874788233E-150
6.328837318521141E-150
8.886226053028733E-150
2.3940344102305685E-150
4.54326217657057E-150
3.7230902679767773E-150
7.085205655490978E-150
7.61173836254381E-150
7.363513069093583E-150
9.829528055403922E-150
4.1866024998977365E-150
6.240760483821333E-150
4.305052662553736E-150
9.659096230033262E-150
1.7312953098512654E-150
6.477533986206325E-150
3.510659685555274E-150
1.989539341167621E-150
4.005904657138315E-150
1.5037590702875408E-150
5.177826660867082E-150
9.839312773596397E-150
5.70204145186793E-150
9.572111090667548E-150
1.659172175576171E-150
3.2515828845023895E-150
6.965579078820915E-150
1.503861610190027E-150
8.308236209368797E-150
2.5297048614936043E-150
7.634807507764341E-150
4.556692118276765E-150
5.893447478153229E-150
4.6446708875863794E-150
3.771991780164353E-150
9.215713193472305E-150
3.3493324032009545E-150
1.395362483812307E-150
2.4297717056414824E-150
6.836671739544692E-150
8.611579937387424E-150
3.0440585250981744E-150
2.962003986322905E-150
4.227558685341643E-150
1.291363344066459E-150
4.5724855156878054E-150
8.088061789514322E-150
5.193309018658533E-150
7.984360932333762E-150
8.407809482229507E-150
2.3502693382876082E-150
7.78800395836021E-150
8.08120358541377E-150
7.453318928497248E-150
9.566066286519316E-150
3.519973241089327E-150
4.048618673697687E-150
9.525140657634331E-150
4.3696581631145923E-150
6.037409652641068E-150
6.284328903389252E-150
1.8441978969760249E-150
9.962324129121809E-150
2.8855975562441364E-150
5.813801754552044E-150
4.0617041824346507E-150
4.746216326767146E-150
8.771570359816209E-150
5.293236175347212E-150
5.406854465783946E-150
2.6034025143067635E-150
4.397999851950886E-150
3.0107127579853483E-150
2.9369609166175995E-150
3.2000624662932394E-150
1.3353399383774606E-150
6.836218239519165E-150
5.543146860307724E-150
3.845167416735324E-150
7.589725214894135E-150
2.3613012085496827E-150
2.318802568115814E-150
6.113633332447669E-150
8.493855520781294E-150
4.7903988149952014E-150
1.1333643792764029E-150
9.655853218034199E-150
8.299065973973068E-150
5.498417275387488E-150
8.77057907694895E-150
2.3586796313207982E-150
5.37901830476459E-150
5.552934338133862E-150
3.7882651318284225E-150
2.29733821613325E-150
2.2689171005164775E-150
5.914437190286207E-150
7.335686331006364E-150
3.723422431359195E-150
6.8588871090789E-150
3.4742882639399706E-150
6.525003378754777E-150
9.671031470989859E-150
2.936121956497671E-150
3.5676633308102855E-150
7.59487159345631E-150
9.63127312783716E-150
2.927640305046909E-150
1.1074834144775254E-150
2.0271023323972397E-150
6.144778622333431E-150
3.133964622413862E-150
2.0254073166056244E-150
7.981412311858701E-150
1.0925250865629094E-150
3.9637627076456505E-150
4.277242013225887E-150
8.898628169097747E-150
3.9271911299401976E-150
1.6804665452372266E-150
9.272660611296211E-150
8.889325085469743E-150
8.080422439921767E-150
2.9541153844531023E-150
5.222914494746231E-150
3.5727218462853626E-150
2.3058063709060175E-150
2.0751409888379606E-150
2.565259704018745E-150
9.359759857318487E-150
8.773013821763963E-150
6.031541009904386E-150
5.319107868505341E-150
8.784646020367123E-150
4.315484720807957E-150
9.776865240108937E-150
8.956453782831471E-150
5.380737381592864E-150
6.352193630864749E-150
5.923663863133045E-150
5.127917207267068E-150
6.76950144468673E-150
6.653449242731278E-150
2.7855227791430197E-150
5.375777481342928E-150
1.0853841611973255E-150
1.3013421633913309E-150
9.160540516660118E-150
8.786668021413362E-150
4.5947702107726333E-150
5.90737538510189E-150
5.500075031416517E-150
1.389138018956564E-150
1.383823375406253E-150
2.3929667347177756E-150
5.138816223837717E-150
1.9850746318754E-150
5.287842559072352E-150
3.412936245245678E-150
2.0757173913731614E-150
4.019022199451634E-150
1.8138759254199998E-150
5.807750638322294E-150
1.3900437899173502E-150
9.035721163097901E-150
9.66868160490942E-150
2.3072083185714084E-150
3.7527750449933446E-150
7.253728497927552E-150
2.6457288436984667E-150
9.076419773458946E-150
8.650822013361629E-150
3.791772481539545E-150
5.047784516350907E-150
1.5943465760046696E-150
1.8799975052222164E-150
7.124531913654573E-150
4.5257279441433196E-150
2.7858274190918055E-150
5.582407867115835E-150
9.4158192200893E-150
7.19959536143984E-150
3.289934527177049E-150
8.604903968024854E-150
9.479687020023654E-150
8.194449209739493E-150
2.240668662164224E-150
5.237462389832706E-150
4.253765353840365E-150
8.271525009884853E-150
5.960412412303826E-150
2.4538410180959136E-150
8.834175883309975E-150
7.06420706877638E-150
3.5222273046241415E-150
5.621581305171278E-150
9.317661998214976E-150
9.538736190036099E-150
5.223994745838091E-150
3.2744033838322475E-150
8.924105677945946E-150
8.69115492797729E-150
2.635563069240673E-150
4.947271479101991E-150
6.131397839483317E-150
5.164847678080026E-150
6.029479214895757E-150
8.262878130657045E-150
4.844665419282432E-150
6.427133096172417E-150
2.686545348449435E-150
3.4280268484926933E-150
1.943146582963733E-150
1.3787172625522258E-150
8.779356345048252E-150
9.049367082672746E-150
1.9005446969324654E-150
4.7864232889917446E-150
8.280138835218485E-150
5.710161108759899E-150
3.558483639438574E-150
4.7274549800576154E-150
5.613623076416229E-150
6.063243234920732E-150
4.547721750964215E-150
6.312562769501178E-150
8.5813480177798E-150
4.2900516655778655E-150
5.298073843232599E-150
5.315827271125534E-150
7.420709327384942E-150
1.6515976226056626E-150
1.0555289372898152E-150
4.980376443540347E-150
6.730226883046603E-150
7.514454485362733E-150
8.833839270892694E-150
1.1922069719055461E-150
7.391922365255232E-150
9.67333462238493E-150
7.767898565927187E-150
6.418381909286948E-150
2.5523592682912234E-150
7.011542002591389E-150
4.907511300848686E-150
4.291222883943273E-150
5.185815445997035E-150
4.5415681958227627E-150
5.092698834862082E-150
7.486725310419478E-150
8.756217614063553E-150
6.650324322169365E-150
2.1854749771656612E-150
6.59326886688397E-150
2.0188870846894875E-150
4.936979799373731E-150
4.598062642021808E-150
4.995801986574834E-150
3.058804015654609E-150
3.376105539631273E-150
1.7538113600377248E-150
4.411027336282008E-150
5.249016815317551E-150
3.6647908062712845E-150
2.844618662811749E-150
6.600720508080138E-150
8.930982734244999E-150
1.5196373619896188E-150
7.007441969875341E-150
9.96316154578025E-150
2.2680445391166844E-150
6.378006744869592E-150
2.832529152106746E-150
1.1567640216000018E-150
4.903907461545748E-150
9.427619370972187E-150
7.937286707330325E-150
8.645336028537614E-150
9.769898448417568E-150
3.139590959735313E-150
7.192240304221538E-150
1.0710083653965639E-150
3.6279520296847234E-150
5.512207239745884E-150
7.069334863410532E-150
2.6587197783344413E-150
9.710680033342143E-150
5.046221580221076E-150
6.497854256562861E-150
1.435248399800129E-150
5.125549938858114E-150
7.067184078671859E-150
3.5595414737462526E-150
4.906127723086171E-150
8.527108140817821E-150
1.3862890675411686E-150
6.332023943676867E-150
8.975394492631103E-150
7.929347438241873E-150
8.448449716832904E-150
7.198451380424597E-150
2.3159580886800386E-150
8.429734817740342E-150
1.0547925836708625E-150
3.9812835754318424E-150
8.102490538115849E-150
3.0470794889409085E-150
7.466485039479508E-150
3.3294590309746544E-150
9.00408207758324E-150
5.8373320243774E-150
9.197787155727079E-150
7.890714269669258E-150
3.6005125656624174E-150
3.9445724727529755E-150
8.088448266847558E-150
7.93460899307355E-150
7.933839906210357E-150
8.268860675794304E-150
8.309041555532429E-150
6.25685687545565E-150
2.736103675628473E-150
5.988279823929481E-150
6.797558484002948E-150
3.391845549832271E-150
4.984303313535835E-150
9.259426662977434E-150
6.251562287836872E-150
9.387773730090818E-150
8.825400268078595E-150
5.038758940410241E-150
8.207423106000443E-150
6.657615482513455E-150
7.586955567454225E-150
7.116628941190373E-150
8.926638443646631E-150
4.709169039071928E-150
1.5431075144857095E-150
9.13649374122333E-150
9.778965057398614E-150
1.8787301927176083E-150
3.340951025975469E-150
2.5837080252759043E-150
2.5630662319511153E-150
7.545471432660094E-150
7.508980044202246E-150
6.471469147815064E-150
5.737607490357054E-150
2.6873973729154234E-150
7.26710534681318E-150
2.725898303058049E-150
5.849205867585521E-150
6.05478724831022E-150
6.936862375839233E-150
8.077904739375945E-150
8.53836907109341E-150
7.683321202453561E-150
5.610775921409865E-150
6.606394987600728E-150
2.3805317072318172E-150
5.946628696107669E-150
9.38144794875365E-150
6.945553792872409E-150
7.476530408190695E-150
1.856785234169855E-150
4.3537885219884996E-150
4.5683361019920734E-150
7.145327171356976E-150
4.8613245847546385E-150
3.867910949506117E-150
3.4889728791381784E-150
2.2915237808145223E-150
5.956618356905069E-150
5.84556283098617E-150
7.18921118912889E-150
1.0211842041523202E-150
7.540020112182681E-150
3.939567575666799E-150
6.566168426900773E-150
8.861705466281385E-150
7.056953506347008E-150
9.213599748147407E-150
5.224098548330019E-150
9.50496182675798E-150
6.16416957618641E-150
5.408724888089889E-150
2.4880284435821017E-150
8.337663964976483E-150
1.8266825269793018E-150
6.463479188374645E-150
7.104141283093401E-150
1.1488602501303044E-150
5.493432331302679E-150
9.845870340107631E-150
3.709943055484454E-150
2.311725098442873E-150
8.255517461067695E-150
2.4285309303373034E-150
5.806664967653937E-150
3.4252673156586403E-150
3.680872829845124E-150
8.092359665377663E-150
3.1470209162619954E-150
5.871303456492566E-150
2.840559588744113E-150
7.979330514642956E-150
8.163345137944978E-150
7.993032589950501E-150
3.8943772861408004E-150
9.33176191252876E-150
4.3043100413204994E-150
1.633762979652437E-150
3.4872870986184485E-150
3.1531791976451226E-150
9.92283016388479E-150
4.5878266194990124E-150
8.123187868934022E-150
5.5050126698715E-150
2.66342441735132E-150
6.11043917028074E-150
7.628863048254416E-150
4.1137217701822896E-150
9.134226300431061E-150
8.009240604596451E-150
9.798463138856297E-150
6.104536212920443E-150
3.016988364458781E-150
5.997480287193806E-150
1.317675499767787E-150
1.1008613143778689E-150
8.667850943711409E-150
7.927282724158445E-150
4.10677120151118E-150
1.6324906354794712E-150
6.692299933031784E-150
1.2411627664029758E-150
5.293010081723686E-150
4.7811246407404806E-150
5.939659079181839E-150
7.480927913092871E-150
1.1254207391459648E-150
4.258293277220414E-150
3.855622831775477E-150
6.975339899181975E-150
9.278765588541892E-150
8.658635131761419E-150
6.155751429164489E-150
3.891377793264575E-150
2.1585364585142864E-150
1.4605813802245295E-150
8.338512393532968E-150
3.6786762608005343E-150
8.01511669073474E-150
1.456851763390539E-150
7.643369353771795E-150
9.562685212757074E-150
9.902786196613534E-150
2.688765622693084E-150
3.677580314391939E-150
7.149326854089263E-150
3.778031081480502E-150
3.6312257332246644E-150
9.084782263304195E-150
7.392401100310726E-150
1.3216646796309567E-150
1.3293323340145328E-150
4.3091061537494687E-150
9.144716210435775E-150
4.3905469433478975E-150
5.422936886606214E-150
9.7204741383987E-150
6.264900302460992E-150
1.357240305064457E-150
9.512049558351211E-150
6.109902141321022E-150
9.784073797223336E-150
2.979715579631328E-150
1.1138594248646202E-150
2.838037262948306E-150
4.950040690439775E-150
1.8582724233952465E-150
1.5412353860868282E-150
7.725834517845894E-150
5.061382382471736E-150
8.983119318591642E-150
1.392920897389347E-150
1.1131752733695021E-150
7.879814148964962E-150
3.3536036787873163E-150
8.987242848579739E-150
7.37941285050654E-150
2.0663940293109965E-150
4.158866115245555E-150
6.994002553607314E-150
8.619226780833437E-150
4.5256432645946334E-150
9.549735220467014E-150
9.723318387403546E-150
8.097846995887113E-150
1.7613732544223834E-150
5.602970087280584E-150
1.0155448553878627E-150
9.571610798320049E-150
6.348982795157598E-150
4.681489143091979E-150
2.4429900040111132E-150
3.552985230200639E-150
8.411219676144368E-150
6.028024304770082E-150
1.5820079023287384E-150
1.1236054302764289E-150
3.5478788662188063E-150
9.094666973591155E-150
3.4431418998378487E-150
8.95453234789223E-150
1.0146288146601047E-150
4.807070577565129E-150
2.757348491734197E-150
9.779861123793942E-150
3.0721454454778814E-150
4.6896080933984953E-150
1.7079312433937606E-150
5.687961181292503E-150
2.3339471921119502E-150
3.536573297645358E-150
2.87066604678206E-150
6.244058262704687E-150
5.629812315108592E-150
1.1045556395128522E-150
9.578703002642232E-150
3.638517616477945E-150
5.371377377574388E-150
4.122403890796534E-150
6.664175714874365E-150
4.767113689217955E-150
6.657500136679207E-150
2.7677359861290787E-150
6.545060021485181E-150
4.392729272306304E-150
5.389188521233896E-150
4.642740990295438E-150
6.923664289484867E-150
5.312342380570267E-150
9.477381723693038E-150
8.197056601008568E-150
7.942244882149592E-150
1.7588236174779004E-150
9.821590637860908E-150
8.491794965681876E-150
7.501585715227918E-150
6.103981748684325E-150
5.113383305897972E-150
4.1763319322612695E-150
6.589986373705432E-150
5.297458383571411E-150
8.675927714535815E-150
1.558259170034097E-150
7.892950689523117E-150
1.375483650371668E-150
1.489282017029666E-150
9.686939772774456E-150
5.657973344645894E-150
2.804176821482754E-150
7.270844617008117E-150
7.442398751649905E-150
6.774170272175836E-150
7.383980302025077E-150
6.981358285168626E-150
1.7238160815796694E-150
3.293104937612149E-150
4.934987105288683E-150
9.409086289467178E-150
8.965679192384052E-150
3.1650048646524546E-150
9.007331399157931E-150
1.5482552670070692E-150
7.374695202093239E-150
7.793678710144251E-150
2.4164776933562462E-150
3.332585227932063E-150
3.476843876274016E-150
3.1237789397569704E-150
9.490158031239556E-150
2.9107072909119206E-150
9.791501109588867E-150
2.3656712051240765E-150
1.5318708340944158E-150
5.057491497559705E-150
2.708344258864507E-150
6.136015230420708E-150
8.155268613471776E-150
4.5037871031468593E-150
1.932794012683929E-150
5.746264897551508E-150
8.824424349788393E-150
8.936803218680436E-150
6.187032544359797E-150
1.6066472160415978E-150
3.146885845772187E-150
5.17433301042188E-150
2.2061828362294285E-150
8.229783122118379E-150
9.209583550636784E-150
3.5482537364616655E-150
6.45301755763955E-150
8.115962072814593E-150
1.5220778418974154E-150
1.8462099376125E-150
1.3896052952314277E-150
5.881183488404885E-150
1.9372936135978145E-150
6.255111588517625E-150
5.590596869862845E-150
1.3494347369807488E-150
3.256801701364341E-150
7.626062074000545E-150
1.460384947255102E-150
6.972269309451047E-150
8.095876222766321E-150
9.037548345427157E-150
6.825165797640816E-150
1.86160678970673E-150
8.982964745814597E-150
7.072211193933897E-150
3.210969816313929E-150
3.9257752502220207E-150
1.5988772519607485E-150
9.442232517189457E-150
1.190011975912977E-150
2.0841665880430902E-150
4.522910820762359E-150
5.599359331085499E-150
8.780260165204051E-150
5.302482094909318E-150
5.846292437837464E-150
5.747804667634968E-150
7.516901421870461E-150
8.238388306931346E-150
3.5377362808737136E-150
8.24174969104335E-150
8.47942967401021E-150
8.616517443083789E-150
6.5015756113892E-150
8.693889046446616E-150
1.254363784232835E-150
7.062083433333532E-150
6.855843260883305E-150
8.247445084908785E-150
4.5411488757925734E-150
4.013999312354359E-150
8.07583878307782E-150
7.371300837066925E-150
1.8675784707425506E-150
2.511224590276686E-150
9.298136258456255E-150
5.226376360475042E-150
9.671114369573375E-150
2.100177378836446E-150
6.260646436635769E-150
9.121102251434204E-150
5.823774645546489E-150
8.846395030720276E-150
7.066267015947323E-150
2.824820314829126E-150
5.530792594577458E-150
9.450230241243727E-150
1.2008129915102991E-150
5.540165161663584E-150
3.417045381168903E-150
5.76422079566432E-150
6.010336610739925E-150
1.1489620459922603E-150
1.5302828257844753E-150
3.5888721658579255E-150
8.148610147574463E-150
6.940896785322174E-150
4.936485000486958E-150
7.48394310088541E-150
6.342457796515473E-150
1.4101972711836605E-150
3.560205291372151E-150
6.473928838129147E-150
6.190786970053442E-150
1.862783633370745E-150
3.9315558613282053E-150
3.9492843927914615E-150
4.612585767528196E-150
6.514832050366272E-150
1.541522491924845E-150
6.769034840553894E-150
1.9898127139963023E-150
6.483410975028737E-150
5.578590199284701E-150
2.555768252936182E-150
2.0130244786046142E-150
3.5708364484875634E-150
5.922198482047987E-150
5.440612717859459E-150
9.730746788511874E-150
2.0266132298006118E-150
7.402333348418331E-150
5.063645183524324E-150
1.328011395580035E-150
6.534306021147088E-150
3.4996029202133534E-150
2.464286550307499E-150
2.715142306171898E-150
1.5154131444174226E-150
1.8564348271699847E-150
8.606583849951715E-150
4.094791631039112E-150
5.468290674589043E-150
2.1975656533041485E-150
5.675888622096186E-150
2.2933891600703784E-150
3.4674024156673715E-150
9.516793139760574E-150
4.956282696085834E-150
3.7925818590294575E-150
4.1366444494754084E-150
3.6769881722982284E-150
1.0522149890484517E-150
4.0769043479915145E-150
6.380225439017051E-150
9.891662054445783E-150
8.453156613299422E-150
9.125837444658719E-150
5.905554237067721E-150
5.908920186601825E-150
5.956684442196966E-150
1.6215735415736128E-150
8.104817033506091E-150
8.102421191427447E-150
1.2632592786570986E-150
7.718221774084364E-150
8.175401848990979E-150
5.089002892551096E-150
5.135060091269843E-150
1.0238520893079741E-150
6.454053341773534E-150
9.938921162826779E-150
1.8715920211196262E-150
7.783689007984149E-150
4.815618589146583E-150
4.5221914080730315E-150
3.496386656528015E-150
3.120930859419851E-150
1.644472857724203E-150
4.0433076397924877E-150
5.971959898220976E-150
9.591085077821137E-150
7.325185206677616E-150
4.356656406752886E-150
8.964303564676179E-150
4.2363728986480406E-150
3.418720276336486E-150
7.226229023565334E-150
1.1635281890157717E-150
3.788672180076141E-150
7.691435506835427E-150
2.2957761492503694E-150
3.93388485858625E-150
5.662628257571753E-150
2.946374208488579E-150
6.16933806348723E-150
7.114237638819374E-150
5.904983934694401E-150
6.169819784356894E-150
1.6671222310178153E-150
2.1191676929359122E-150
6.321831684452033E-150
6.850810315365775E-150
9.017989081291272E-150
5.101233740250118E-150
3.592419078073119E-150
4.4572841433788606E-150
7.477346288004267E-150
1.8265219677713348E-150
9.296290873512502E-150
7.95975936305564E-150
8.61804027294288E-150
1.0884657709422381E-150
1.4299743524798197E-150
1.9819205944498612E-150
2.3318739967838243E-150
8.93901824528611E-150
3.170070170792378E-150
3.627215842262432E-150
3.400666569516291E-150
9.751613487592766E-150
8.351531771247727E-150
8.281546741929862E-150
4.348312873184739E-150
8.146951262746496E-150
7.373077892883109E-150
3.7243514904952413E-150
8.169087767455569E-150
1.1104957885511569E-150
4.0160965630484467E-150
5.693869482951552E-150
5.442478395366499E-150
6.209674108143023E-150
2.9690615581845447E-150
8.647092513256799E-150
7.291120293079074E-150
6.679119445780689E-150
3.6864011757538693E-150
5.830889050190585E-150
4.615947034133358E-150
3.283899097449258E-150
4.578917777832295E-150
2.9380155791949075E-150
3.051458183394495E-150
8.293522285455537E-150
1.4322739901204393E-150
3.5602003006616365E-150
2.1240421245913386E-150
2.6036233034424815E-150
9.38072398930682E-150
3.370218636479222E-150
8.167588898819125E-150
9.027568716856935E-150
5.725184033438943E-150
3.465847783953334E-150
2.653155998684759E-150
9.04683363502825E-150
2.3778972376057477E-150
4.590823033525039E-150
4.723250287479958E-150
3.8568533969920635E-150
5.740366177187617E-150
8.011388608744278E-150
5.886318537198522E-150
5.37414639953844E-150
1.3768868517138912E-150
9.671763460713411E-150
2.0233359930689795E-150
1.980867510782538E-150
5.932933213800237E-150
2.877823463161022E-150
1.0859160301488185E-150
5.174541544307578E-150
1.3658072270807362E-150
2.1655213245113204E-150
4.1241548883206733E-150
2.96358794694629E-150
7.704380034194477E-150
4.199047594997798E-150
2.572467084331961E-150
4.8033433584014155E-150
4.235416153680211E-150
6.513459076469617E-150
6.042949881485613E-150
2.1026408319345407E-150
8.225887843442397E-150
9.667480699199144E-150
3.2283619479973435E-150
9.847608031968272E-150
7.033846040301355E-150
7.904409834453142E-150
4.900583756579173E-150
3.6871989644401926E-150
7.734834776167152E-150
3.732531877214825E-150
4.4054712538067904E-150
7.904069787031859E-150
4.196494212252092E-150
8.931180690298691E-150
5.501298802938921E-150
5.054768971428979E-150
9.870916624568615E-150
7.364553988817715E-150
3.8655318240955375E-150
4.7048063124722454E-150
7.442477420302392E-150
7.642623169537331E-150
2.10345340216965E-150
6.607022564957354E-150
1.8682865217053357E-150
3.106946444368655E-150
5.632212119780624E-150
8.875777295725657E-150
8.279057609766877E-150
7.838931450199113E-150
1.3851452113842854E-150
6.194830604103142E-150
2.6701192375370244E-150
9.389059752290636E-150
9.883769201411159E-150
5.863391084255592E-150
8.305445629823365E-150
3.707818922962045E-150
9.858625787200278E-150
1.5326542742177252E-150
8.282005510538553E-150
4.3225609367915077E-150
6.265197839104675E-150
8.814260578345567E-150
1.7573885238077114E-150
9.149234705491732E-150
1.2374128695832176E-150
8.552451081997378E-150
7.93058334643891E-150
4.4539142805363916E-150
5.24878102471026E-150
6.443298493234471E-150
3.983946477084332E-150
6.386273174276876E-150
7.510006041715195E-150
6.85725058207957E-150
3.843812712724477E-150
3.19563268516119E-150
9.421949295520441E-150
8.175312354537386E-150
5.797865800840333E-150
5.709932561223359E-150
2.724113393139406E-150
4.684557734827534E-150
5.719298347637638E-150
6.90895926758068E-150
8.831350947963389E-150
2.095253991783394E-150
5.890955034230961E-150
5.455381780337607E-150
6.735294701192826E-150
4.039737671070073E-150
9.197070129795215E-150
3.860632540381079E-150
5.76204343397212E-150
3.4922808765280925E-150
5.755869135064564E-150
3.557388916608139E-150
1.4239265451560175E-150
8.909541305730089E-150
5.903223648445797E-150
9.526392179096764E-150
4.5807104995055957E-150
5.032783868706664E-150
