4.435487312950907E-150
1.0729712584276775E-150
4.798366581966167E-150
6.370400914864745E-150
1.4193674827155186E-150
6.177470604405862E-150
6.755896963257353E-150
4.533681922155024E-150
6.406660169229075E-150
6.27313507662715E-150
6.762335904522703E-150
1.5028241553900877E-150
6.577313638039516E-150
2.0546168846454535E-150
7.498826741817566E-150
4.239219523381637E-150
6.985051091063349E-150
3.536956837833393E-150
3.9258522100912305E-150
4.6950960228666603E-150
1.298275870155914E-150
9.753206842805872E-150
5.133604645682025E-150
5.24077319088176E-150
3.124541250715296E-150
1.654673760125739E-150
6.181090837664232E-150
9.06359906584759E-150
2.863928481252777E-150
9.552928502064583E-150
1.7369860527141118E-150
1.2336658234792427E-150
8.529842802817555E-150
6.724947928780781E-150
8.46904849599734E-150
6.679256008202892E-150
4.000143826286227E-150
2.866233177281523E-150
8.293939086545537E-150
3.144070993608675E-150
1.7171997391353144E-150
5.921478279390968E-150
9.795582304474362E-150
5.308643341022837E-150
1.9423623040100905E-150
8.44833548993379E-150
6.347746376560249E-150
4.64994192317135E-150
1.2885271142813728E-150
8.077053138390511E-150
7.735301258651034E-150
6.286023191786053E-150
4.4038553959208446E-150
1.8172355641163828E-150
7.358664007528843E-150
7.006687933753792E-150
4.360399178156593E-150
8.932705537331987E-150
6.427218418281242E-150
9.926454186775178E-150
1.513287008290757E-150
8.856419534690754E-150
5.900043358307186E-150
8.712756354691179E-150
3.339286926131469E-150
3.149622687838257E-150
6.316069601058492E-150
9.140133875512952E-150
3.037981892861402E-150
8.822893459306901E-150
3.0708229036451335E-150
2.8002749555557324E-150
1.484456340348112E-150
5.43146962075067E-150
9.143204935274788E-150
6.158130013385029E-150
8.459303786216628E-150
6.233209514645016E-150
8.753296013795187E-150
8.785912819497177E-150
3.9499316553062065E-150
9.354780991551904E-150
1.9409596581267227E-150
8.529658970916585E-150
4.7165542562296294E-150
3.3501380263322484E-150
5.595061088359468E-150
6.56711264530333E-150
8.246927880313591E-150
3.755077769878436E-150
3.0344091047112385E-150
7.801063134395737E-150
7.685793353332998E-150
3.242643072941734E-150
3.8440590532365085E-150
1.79885514387221E-150
2.3181630139905024E-150
6.766365430354756E-150
3.304416353152823E-150
9.536648986127343E-150
3.7099924515093766E-150
4.641817694572817E-150
3.4156066358181917E-150
4.5361077793562046E-150
7.665452775248435E-150
7.861670966061308E-150
7.215877403849388E-150
5.59153779606543E-150
9.746923260126296E-150
6.065434635928536E-150
5.820329977911776E-150
2.177116844289067E-150
9.221995402557944E-150
7.492271251499582E-150
2.3650697431247928E-150
6.796686656849506E-150
4.951190105806753E-150
2.9337696602176357E-150
4.8319053251567066E-150
9.99269759999964E-150
2.9107527657428304E-150
4.1732737644037274E-150
3.55001165031862E-150
4.4662366890244714E-150
1.756811141839764E-150
8.649351285085246E-150
4.0235136993440304E-150
5.776678722358784E-150
7.080333933955332E-150
6.113202662648643E-150
4.617738299766811E-150
1.3873446061992067E-150
4.7767559195985663E-150
6.863297933157754E-150
3.551914079585682E-150
7.402659338090426E-150
3.259787108793603E-150
2.735247403456116E-150
6.592399267439553E-150
3.202651449438385E-150
4.085844241863229E-150
5.400892660368605E-150
8.818043272790729E-150
5.322231471876642E-150
7.923707206154948E-150
4.687830589186346E-150
4.838087718169225E-150
7.345549843894966E-150
7.703412458466069E-150
4.5690573263685413E-150
7.883048005224253E-150
4.2898266588743024E-150
2.2090641240681762E-150
2.1921505505357824E-150
9.260301390534667E-150
1.9384000330509666E-150
3.342155543973107E-150
9.818378314788482E-150
1.7686550686730348E-150
7.849344035573317E-150
6.775158108380587E-150
8.824355820815204E-150
2.799947868157052E-150
7.313855305966472E-150
2.739548636776645E-150
4.982343052504806E-150
3.020786192932568E-150
6.367711354594366E-150
6.24811000280721E-150
9.080006542742375E-150
6.723796467296044E-150
6.069451565604608E-150
9.138255507594258E-150
2.5664412461663177E-150
1.1653234110843398E-150
4.6505405949458873E-150
5.941289509511767E-150
8.318479894368002E-150
9.465283663917803E-150
5.81561608804871E-150
2.7319309224553175E-150
1.8097881405311257E-150
3.934932326885383E-150
1.4250318261606114E-150
1.7930922642121145E-150
7.93497625194994E-150
4.0195803580386024E-150
4.0272553839317776E-150
5.142820680132968E-150
2.491927404910094E-150
4.39584844724202E-150
6.225281164026774E-150
6.71346650504675E-150
9.857780427130138E-150
3.1468238081468846E-150
4.659072987415243E-150
7.247569172477335E-150
8.707466057233652E-150
5.35353244681959E-150
1.4651493597090326E-150
8.780601010913063E-150
3.718437445493523E-150
2.887423137004487E-150
4.4347784921968734E-150
5.917637778221333E-150
4.08120218363423E-150
9.666102142913906E-150
2.7338497433489117E-150
8.979175692010956E-150
9.292494320488607E-150
2.1433445273359643E-150
3.970341677369995E-150
1.4907402506774404E-150
8.146398868889467E-150
4.344447114691436E-150
3.59940716890831E-150
9.421585234253224E-150
6.058470307274167E-150
8.32928038189619E-150
2.1414472088092274E-150
8.039704914253678E-150
1.8588615416915136E-150
4.56792965455521E-150
7.45514862594745E-150
5.243538990767412E-150
6.972705816422502E-150
6.347610913358E-150
6.355308922157283E-150
4.7551656057279604E-150
7.469473826468228E-150
9.994582612554005E-150
9.194378841481466E-150
8.615445577548983E-150
4.807749856889811E-150
5.391063310228047E-150
3.6369966920446835E-150
2.0084892306075185E-150
7.227851184433556E-150
6.994707083984309E-150
7.748398788342715E-150
9.560985969987566E-150
7.651941887878377E-150
1.3269741949683596E-150
1.6904345583408086E-150
1.911347838427624E-150
8.639764015776409E-150
8.686776410733921E-150
6.773022099573694E-150
5.524284429044052E-150
4.417842919859181E-150
9.667063403906465E-150
8.344225729221938E-150
4.438338996947553E-150
8.250991182045976E-150
9.904555816763026E-150
8.018746701780585E-150
8.877080584413688E-150
9.457173286649822E-150
2.3766233969518418E-150
9.042459309706831E-150
5.429061229159215E-150
4.1802564923606715E-150
6.474338850908852E-150
4.169737672800705E-150
6.807310729403708E-150
4.6299133369760886E-150
7.027032796088151E-150
4.290658331703832E-150
7.036053724539608E-150
2.8739066314553703E-150
5.431212706673973E-150
7.186776960233253E-150
3.2805045382353065E-150
4.425222254589641E-150
8.045496550167914E-150
9.217019843851266E-150
9.435000047663889E-150
3.8049860906792446E-150
9.053252452245517E-150
6.439336435573187E-150
5.015401974792464E-150
3.98183252941942E-150
3.0659235719119533E-150
9.659110995784781E-150
8.863610621193912E-150
2.0893648306946067E-150
2.8425568439024027E-150
5.161931730988744E-150
4.665198279908063E-150
4.105575758215801E-150
2.634844948137351E-150
6.436168857628263E-150
2.3055820299783866E-150
6.241575913369726E-150
6.832026091333964E-150
7.019910986549508E-150
7.645822409706828E-150
3.6316960231158706E-150
6.776279881078781E-150
2.7171671717344887E-150
1.386045844567527E-150
7.543018496339891E-150
8.846792303425561E-150
6.819836424332156E-150
7.302655940377597E-150
4.7296063254231285E-150
3.169455881643505E-150
7.644802672503602E-150
6.294908833026203E-150
1.745183628895346E-150
5.59920626874057E-150
5.649614419480933E-150
4.35709680606609E-150
6.997746669962892E-150
6.943289098415593E-150
5.625557130506903E-150
9.804493168979692E-150
4.0805564321793247E-150
1.746287477106542E-150
9.983530442379822E-150
6.824378036856276E-150
4.4461970644842774E-150
2.3415308338630713E-150
4.945994261100924E-150
4.6978821928134516E-150
9.803854851619004E-150
8.288544188130455E-150
3.537345145510506E-150
2.844041773162708E-150
1.7147038283043595E-150
8.762487405612873E-150
2.6254438316114056E-150
6.174378389359484E-150
7.736257826965142E-150
2.939069849553858E-150
8.908606560993303E-150
9.114480936324443E-150
5.123775089819151E-150
9.927219068971117E-150
1.6652327107691827E-150
4.048477596720501E-150
3.535281123261712E-150
6.341819653787712E-150
7.287337968091273E-150
2.872951446876652E-150
9.406499642597828E-150
9.180123213952111E-150
3.104616334416445E-150
4.8087704681541504E-150
2.6629558809437054E-150
7.267978296458659E-150
8.772253647410413E-150
6.612460865933681E-150
3.218749800605838E-150
8.175809765815987E-150
5.543569057116075E-150
1.8531719159624314E-150
4.274966452003768E-150
3.16931997604236E-150
1.0776614775790802E-150
2.976941648522501E-150
9.775419807119534E-150
5.456174739985883E-150
2.0425882718422628E-150
2.466888419369747E-150
5.503405195579662E-150
1.7174706925872057E-150
1.6662080109561162E-150
7.526114817245042E-150
1.2103583591659566E-150
5.671577131080342E-150
2.5596684204522395E-150
8.359529088587077E-150
8.855797782418083E-150
2.207976902089173E-150
8.592621430223814E-150
8.31144828885008E-150
4.5076525017445994E-150
5.450026226870625E-150
4.3346027946024374E-150
1.8277645332410976E-150
9.703057150953354E-150
4.958087835256955E-150
7.593609967016758E-150
5.45461908190967E-150
8.101916022191512E-150
5.168285264506147E-150
5.880767707538747E-150
9.859942310740446E-150
6.079022950162623E-150
9.077158018271402E-150
6.209070849166558E-150
8.169883302904651E-150
9.495242348206793E-150
8.128798452762467E-150
9.49454472360175E-150
5.749064276807213E-150
3.2642402533464106E-150
6.238574152682846E-150
4.969766620106018E-150
1.9217618648649162E-150
6.488474744629751E-150
6.896346271826688E-150
4.4425408232393963E-150
4.0305307915980177E-150
5.876635920266298E-150
7.33211604364594E-150
6.936625573393397E-150
8.659446305255619E-150
6.874451599660305E-150
3.798336677871702E-150
6.236757161226101E-150
4.81106146223243E-150
1.4417477999483915E-150
6.125654057254943E-150
7.126820933077856E-150
5.319333528972855E-150
7.690885295305056E-150
6.842636922768471E-150
4.657868911034509E-150
3.8051939553365595E-150
4.6651649504186173E-150
2.315092729123847E-150
4.6117871992474005E-150
8.037092837311659E-150
5.380525680168875E-150
7.55685448790572E-150
8.436766115451449E-150
7.645771432137517E-150
8.879830916082929E-150
1.5914645472444828E-150
1.3223275518729442E-150
1.7606731970519387E-150
1.4562691204137618E-150
3.502970031975125E-150
7.754517566997725E-150
5.284821950207677E-150
8.390871122393157E-150
2.60408051378184E-150
7.845971201676332E-150
9.205657932672974E-150
6.518867700932754E-150
4.471233332734727E-150
1.9709101192866104E-150
1.551238305682433E-150
5.690597970781765E-150
9.948645196877137E-150
6.751734111749402E-150
1.3443701690316117E-150
2.7248935846455716E-150
8.607222641565315E-150
8.24172028962835E-150
5.181661995326504E-150
9.766349932585261E-150
6.559239591411853E-150
6.227442045707187E-150
1.8701377497849388E-150
7.052617326443026E-150
8.975979436660878E-150
4.934877058372373E-150
9.89098010754862E-150
6.973821510645525E-150
1.1330823831779085E-150
4.0647695672679257E-150
2.3281233058254542E-150
1.9634540097479934E-150
3.317120670048521E-150
9.005667562042205E-150
9.298840498120288E-150
5.19854083669544E-150
7.466970990805713E-150
8.277153879987835E-150
8.854125181524384E-150
6.306635532833423E-150
8.99483640391019E-150
2.7411465303562763E-150
7.778589566998343E-150
2.2781494262851514E-150
3.834312108177312E-150
1.8857377355403005E-150
3.712755764769089E-150
3.564763248141324E-150
6.396679289991232E-150
3.533902438238922E-150
9.545043021148895E-150
1.9081421334046522E-150
3.781646943824197E-150
2.658498220555466E-150
3.0764039344186E-150
4.7878980076938874E-150
6.28505278173978E-150
5.595338741871441E-150
6.547490922287253E-150
4.503723234718727E-150
2.9735766555578333E-150
1.8377185337845794E-150
7.736386092451222E-150
3.813846042319915E-150
6.855300442593246E-150
1.7686237733845003E-150
5.984348544370249E-150
1.7404329975325838E-150
9.964996194317586E-150
9.140957619003496E-150
5.687696450686544E-150
7.622292028093534E-150
4.504308939750028E-150
7.851469741953785E-150
5.50585373625852E-150
5.746204081220687E-150
2.029539708551217E-150
1.5706744301436334E-150
7.778755473772132E-150
2.9204409193039704E-150
8.563525008130776E-150
5.088892739519499E-150
6.421221844998592E-150
2.1675009862982707E-150
9.4231471312724E-150
7.817664443328972E-150
9.867571104575464E-150
1.3078210412921988E-150
3.5002971633762053E-150
6.746112790731931E-150
4.476661778517017E-150
6.582201967923328E-150
2.71165610693874E-150
4.2934624430431643E-150
2.1757117407266632E-150
1.6179070049880847E-150
2.3414435885246418E-150
6.921748862828799E-150
8.020660306918127E-150
9.981876024511454E-150
7.041325460478306E-150
3.0768685936083436E-150
4.781502705077909E-150
7.284216076422669E-150
4.3229591860387397E-150
4.0114657963345966E-150
9.622939857558242E-150
6.2961141770857E-150
5.481198321866456E-150
3.309754974795249E-150
2.4438487327519584E-150
4.8285379712089623E-150
5.01976060467074E-150
5.482229480447441E-150
1.463498311247679E-150
9.181570533418533E-150
5.816209029868933E-150
1.8273083186969965E-150
5.198090931839685E-150
9.818950969658407E-150
2.459380824676E-150
3.8673252894020286E-150
1.0581345124832133E-150
3.54836785988791E-150
8.419940386082888E-150
9.057864047974144E-150
4.4153030873519335E-150
9.895282109703926E-150
7.973517676447858E-150
6.1422977800549E-150
2.1368673975652563E-150
4.5465267090315167E-150
2.085939473260506E-150
9.477489967757128E-150
1.2664347596571852E-150
5.709667102560976E-150
9.791341371726702E-150
2.8919667340358196E-150
1.7416538616621937E-150
2.985070478788321E-150
8.946495591561778E-150
6.154473571374914E-150
7.782706114065612E-150
1.8798681976841014E-150
1.6284707198191207E-150
8.928675734220375E-150
4.8598129334000047E-150
1.4064683347861543E-150
3.8577884596658565E-150
3.168871647472082E-150
3.9536624021775465E-150
9.303002088023434E-150
1.7755198222739427E-150
3.271930705800519E-150
9.159561310984363E-150
5.289064817737528E-150
3.880312581320439E-150
6.942276618069725E-150
7.554292562270391E-150
5.427338697292459E-150
8.440125253727184E-150
3.649583203548398E-150
1.6440665543840743E-150
7.100160414235308E-150
4.7334822362211987E-150
3.762955411757712E-150
1.6426189876240593E-150
8.329824884853022E-150
1.3463576010747066E-150
8.930715540274081E-150
1.290426005068196E-150
3.172391845955195E-150
1.3533272202799273E-150
8.041520330715617E-150
6.919165679323214E-150
8.696987807903361E-150
2.845425960524846E-150
4.150384080342695E-150
3.989974844450985E-150
4.6260742768446797E-150
7.932180508467366E-150
8.082283759491526E-150
3.389708814951244E-150
1.0568783468215717E-150
7.041577722419651E-150
9.036376250981446E-150
3.3563311613713536E-150
5.810158551895052E-150
4.069269641669994E-150
7.405456375401739E-150
2.0227183578739864E-150
6.859706449975616E-150
1.6871049926412166E-150
9.19813819873899E-150
2.217585127798394E-150
1.9844594309401703E-150
5.91111280958112E-150
1.9053434577447944E-150
2.3428949396938216E-150
2.254827261582049E-150
3.8503593769947546E-150
7.388029649656067E-150
3.8590361968313164E-150
6.215813362551843E-150
4.410629486463972E-150
5.379696876980851E-150
6.152210037075089E-150
7.661733979293366E-150
5.610683996341508E-150
2.4950600171351635E-150
1.3328866962346673E-150
8.710820487426228E-150
1.0838706821758896E-150
4.2153758187996827E-150
7.81985441312896E-150
4.4827123488378334E-150
7.284168951573259E-150
3.181265601774126E-150
3.401296871516005E-150
4.0578263988459724E-150
4.89327497725394E-150
3.2654779145970545E-150
9.832501034067625E-150
3.5548150893245943E-150
2.9341342111701205E-150
5.320881725985866E-150
2.929208343627156E-150
7.100802171760342E-150
9.136356410279407E-150
3.2030916204603106E-150
6.546290582911511E-150
7.188810821261772E-150
1.1702487555871145E-150
8.652465289079383E-150
2.7933413705723616E-150
7.417776779908316E-150
5.468730587487171E-150
3.8868287669186875E-150
7.331942227032444E-150
4.892764248630193E-150
4.490191359370962E-150
6.304126078324378E-150
9.623772810949217E-150
3.6264794066985373E-150
4.440386759218073E-150
4.523294625916055E-150
1.5544006446911775E-150
1.127903843441104E-150
7.667759230098814E-150
9.102023595723955E-150
6.94450145275498E-150
8.989846372768125E-150
7.174109081584659E-150
9.661647376462942E-150
4.0784206933029176E-150
3.694434655838391E-150
5.941329147432861E-150
6.822281499881716E-150
2.5294059291035417E-150
3.044052801087986E-150
1.0649558137767989E-150
7.305409478677875E-150
7.241499986981767E-150
2.5949489442467596E-150
6.006580741199048E-150
4.7964810494983076E-150
4.04000181713038E-150
4.2217188475052404E-150
9.629701613979124E-150
4.676681429515188E-150
9.485562844809715E-150
7.473095400221981E-150
8.067385277734548E-150
6.530886251380754E-150
4.2614045498905434E-150
8.692953098633692E-150
3.8851502761669984E-150
2.417916990072819E-150
5.088803128116876E-150
6.975159461338976E-150
1.4487680511420253E-150
4.249559082014473E-150
5.502904134029966E-150
1.8968858483576645E-150
6.884222064924652E-150
6.266416862134098E-150
1.6890924457037168E-150
3.6322134080618366E-150
9.525847815750599E-150
5.521518357299283E-150
6.979557833648537E-150
8.486349021055539E-150
5.288724130490961E-150
6.486694338253375E-150
8.540359434800904E-150
1.1104906825331424E-150
5.972664239796187E-150
9.382102832321689E-150
7.241207684853221E-150
4.6583596772874784E-150
4.107708898784014E-150
1.5958721158619015E-150
3.6933459932004765E-150
2.927642387619146E-150
3.5847946037987474E-150
9.608690027052774E-150
3.965327459149421E-150
5.093062998335796E-150
4.980327644560686E-150
1.1672637326485898E-150
7.542147578513718E-150
2.9825311417556737E-150
7.179669181378877E-150
6.060930354015656E-150
2.6801073483286153E-150
8.973790813624469E-150
5.632083807186172E-150
7.747298478415948E-150
5.427943785265548E-150
4.496217900998454E-150
1.3284907504704915E-150
7.245651061296898E-150
3.234181860718425E-150
4.810892573234664E-150
3.3833945312190447E-150
7.170944380604632E-150
4.2413238347374824E-150
7.211800745970534E-150
1.9236641187451408E-150
9.51658708590256E-150
7.079405781636614E-150
2.041993287272607E-150
5.839364924231543E-150
7.8107861740854E-150
6.214616742195915E-150
3.950757959404468E-150
4.835641714701638E-150
3.569095945987036E-150
9.683087912394392E-150
5.63133808357086E-150
9.139682776463151E-150
9.544913590019371E-150
9.345627644822178E-150
2.873455531910765E-150
9.163093206948608E-150
7.140008335482108E-150
7.636084020874019E-150
5.140875022104686E-150
5.397537497119727E-150
1.478778282545089E-150
2.1441909266990714E-150
4.041471488725518E-150
6.830302587979822E-150
8.072779261005306E-150
7.273159321523129E-150
6.995737091653836E-150
2.2064736270700425E-150
8.706172247050012E-150
3.642943702882308E-150
5.129397778565707E-150
3.535701556687839E-150
1.1580855507703648E-150
5.872026142269955E-150
5.916775630588454E-150
3.3440804699294914E-150
3.644489200380453E-150
3.8637267449846E-150
5.383771111516737E-150
3.305444044075582E-150
7.410035849428174E-150
8.747459518961397E-150
9.742804555039263E-150
1.0514271954545163E-150
3.7294175522684427E-150
4.181019696006891E-150
6.176793151804566E-150
8.155928369478452E-150
2.6881412754938717E-150
3.806902610964099E-150
9.115209178600913E-150
5.517149449937591E-150
4.504230394587819E-150
8.273815444022037E-150
8.752493665199435E-150
5.619173950468611E-150
8.825208362588427E-150
6.383962599818472E-150
1.74757853744207E-150
4.445091932494829E-150
2.3888205342209702E-150
5.607341105942432E-150
3.0129937411974877E-150
9.13495751148387E-150
8.671308429065363E-150
1.4162078246470003E-150
3.253013999142752E-150
8.834415587089875E-150
3.6636421740007365E-150
9.636031496805296E-150
6.442526109543808E-150
2.563615915518444E-150
5.71397956577774E-150
8.283669297250125E-150
5.751774343181765E-150
1.3510729974682096E-150
8.453712430761192E-150
8.169160993536919E-150
7.516867324310266E-150
2.3234229108509414E-150
2.1848177334889553E-150
9.874454869547669E-150
9.731909219676817E-150
1.9195613724530162E-150
5.747831411587154E-150
9.59054094267887E-150
3.195838633926029E-150
2.9064430949989815E-150
4.8126132267376576E-150
2.6938803362379495E-150
4.885542448349463E-150
8.413855568837873E-150
8.73817437257229E-150
1.873687112877722E-150
7.346533059638363E-150
5.776772332477348E-150
7.633189330936503E-150
4.0835266170504915E-150
2.893456058489047E-150
4.576431679266284E-150
9.015415418783086E-150
3.583866420333303E-150
8.194922349205978E-150
9.905069604929712E-150
2.5160982895762006E-150
7.866624954531552E-150
2.3806347213967335E-150
4.544283833498994E-150
9.404535532131124E-150
1.3084250810741185E-150
8.153503138793663E-150
6.443285439842068E-150
7.318332011811602E-150
7.986182021002651E-150
2.5154263711152414E-150
6.61084199119483E-150
9.476473648243431E-150
2.2068088264146954E-150
2.6226351181525E-150
4.2934967914393983E-150
4.825202302025156E-150
4.952245596582018E-150
3.9749747086670636E-150
1.1026978673061199E-150
9.020776318297587E-150
9.621677402518743E-150
8.613231269661892E-150
7.574749027273578E-150
2.888548779251976E-150
2.164720633197168E-150
1.2495783797784234E-150
8.500042677845717E-150
7.014402464088925E-150
1.9425237892571476E-150
4.288452506931113E-150
3.2418172410369334E-150
5.422428664564788E-150
1.4281407250681695E-150
8.50863701401184E-150
9.179725657617731E-150
2.871838427020359E-150
6.16319921934593E-150
2.7720665823709637E-150
1.3597881486065175E-150
1.1664473419105079E-150
9.224801246662852E-150
1.5008358977994045E-150
6.409838579939177E-150
9.011680020447903E-150
8.824755975223314E-150
8.821124997592936E-150
1.7883729773623958E-150
7.376881925895174E-150
4.562661123205084E-150
2.211229670465341E-150
7.474731407796829E-150
5.024840339999286E-150
7.285009648148092E-150
5.210614634450895E-150
6.279853611613397E-150
9.855758686610507E-150
1.4644179524671686E-150
4.247876882785152E-150
7.059366921620247E-150
8.979533939273293E-150
2.5062290148305966E-150
9.927742065061902E-150
8.244572203007971E-150
2.9780374367167716E-150
8.414164582866307E-150
6.180685874225158E-150
5.27192019072275E-150
2.648200484126834E-150
6.802360379330777E-150
4.523503838804649E-150
2.6878664417083524E-150
2.627060042837809E-150
4.3280323359827736E-150
8.305125887121722E-150
4.933528520768883E-150
7.691517889460361E-150
7.237190981607791E-150
4.219202112791884E-150
7.072360898371349E-150
6.198419720409856E-150
7.865226229255522E-150
1.5534595153543183E-150
7.014099018369423E-150
9.08466543655485E-150
7.614859326283961E-150
2.6155588567600925E-150
5.109516967990104E-150
2.0824060612175766E-150
4.145861879672917E-150
6.52615436203003E-150
7.343078399334065E-150
9.320992038123303E-150
4.2541175023941143E-150
3.1020883341489083E-150
6.734350819811758E-150
7.285184665581387E-150
8.192004683293372E-150
6.866128193242535E-150
8.974094260394878E-150
4.178244315325416E-150
4.987751805412923E-150
9.314379816264242E-150
5.767222085551017E-150
6.098863981496576E-150
6.658324237119597E-150
1.4484862000306864E-150
3.8323703622186236E-150
6.082512537283018E-150
5.078569883926897E-150
2.2369517735678026E-150
6.016604098274329E-150
6.980609362627152E-150
7.668764262885088E-150
6.108402979219072E-150
5.523825210576296E-150
9.355050495504679E-150
6.993356765985355E-150
5.799328092827259E-150
9.826737006014898E-150
5.050957282731047E-150
7.825638384122845E-150
8.879810192198543E-150
1.434758830420845E-150
9.877124346271948E-150
2.226210736761214E-150
3.062999374660791E-150
9.324073968996223E-150
8.871488310259882E-150
2.707555167670457E-150
1.9675423111634662E-150
9.501033465814493E-150
4.958048303886722E-150
